-488.8022219928881
-306.0021101742018
-141.47635625343986
-91.15085004911927
-144.68960453575164
-117.51916511362768
-116.21393499917443
-108.37478267835382
-106.40957125180148
-122.5009397275851
-199.52999530140943
-317.3280946073589
-246.3522104451717
-359.4781236135951
-515.9709294619136
-429.09198103368215
-71.5180152888724
-72.61375332990212
-93.97599558603162
-123.3983650568567
-27.664524720003
-161.91363083655696
-87.47130064147373
-52.73861105525411
-101.35857944139386
-76.56682092807628
-112.67471536810034
-40.849919674998354
-97.65447840936704
137.92953910879007
-248.0238403939725
-266.92626857712423
-297.09950927146497
-235.9524113505478
-119.11360119459118
-128.6149015514466
-196.37686152120335
-165.12882139458657
-136.70413771665233
-112.65829591377006
-96.45955565757272
-145.11328896155626
-106.25319340413877
-71.71816203283814
-80.24236435992557
-111.72863868914203
-146.01017059155583
-259.3848767151452
-305.5621898431852
-120.10195249099543
-87.62416771175121
-88.4374328416202
-73.80265534712936
-128.41909749546357
-256.79025023112206
-594.7392246665436
-542.8756484438745
-448.36891506049443
-293.598068630721
-199.7691052850001
-360.88978705153124
-281.0023462328092
-362.1166999170738
-232.95371016003304
-398.98424849750495
-100.5779835537403
-69.18585483107488
-201.1832340253684
-130.85436297230225
-113.78001982202764
-130.71835701722935
-188.52919458689564
-258.566752338575
-231.86412658138775
-71.05006977051323
-98.5284700667354
-93.17203472281746
-147.26521774278547
-276.9947532916191
-198.64068181694233
-57.945506929746
-81.46618118407642
-16.858798521441045
-147.4723909595288
-29.59950762851371
-186.94636569728718
-64.0472964806
-48.36852668122585
-38.73262050960084
-49.70173899820013
-456.6942747106565
-104.0998116872309
-61.09468243316132
-60.06106691651404
-225.21235813972413
-110.75420927267163
-82.63171441746012
-85.01450013586532
-86.41941710799668
-66.8387714388698
-102.95398911597763
-123.92999980766992
-19.38735608975668
-81.48131545710594
-206.75427075952896
-200.06118111139045
-69.94565817515917
-71.82231970089258
-77.7968066304683
-73.38131550149376
-69.77353290028397
-1.550559262422941
-88.13123225119088
-133.98810956772243
-99.13643371323695
-324.4487789486593
-135.33108558693513
-95.11463293738666
-141.33834963147586
-65.02863859467928
206.55344138100074
154.70999566459966
-133.3382360469807
-96.90251269585323
144.13426271454347
-26.115359698462072
-22.724878904632842
-52.882411831688906
-100.50751603284492
15.33576525752167
-51.332909316047505
-307.0789936112942
23.486483057927728
157.38570117047192
-178.48073778118265
-190.7797768753068
-84.71496936732635
-146.04529766807937
-20.804471172206757
-65.07508649049122
-48.046777841394444
-22.14074074640481
-117.96493242413189
-35.73488662138975
-33.45113946314108
-32.37086561834561
-74.8920140420554
-180.95316540336503
-254.38111771564422
-81.83733500454588
-47.391503544992744
-207.83083522176355
-394.3803747412998
-418.03154446253967
-284.50539056009063
-278.25668849262746
-101.41406284033577
-59.72931323672813
-13.240316096490293
-52.42443234456443
-27.940449280277814
-8.110267129535377
-14.123923380539667
-42.64797585751401
-31.842834906890857
-30.13527378033878
-22.664809677228348
12.229570370372535
-4.055240110398423
-49.621498529761816
-338.06227355532457
-74.2509840634549
-98.45152021404657
-51.831045257389135
-20.01051025052679
7.303290119447818
-187.12396846908112
-111.38957656201455
-299.91592349739085
-35.30342654669271
-60.54071170206555
-19.57971033464508
-219.16748001583818
-58.87556113537287
-20.712701193229933
-66.38102402163726
20.68498070848485
-34.7136439786192
-15.581704160838116
-280.64769396054896
-31.309504293122426
-128.7573971075692
-23.16259800694699
-33.65628530825752
-16.97908734875923
150.87462965352967
107.70546798476435
-210.84937084749777
169.65057019216255
-262.2174214674633
-61.09758431208219
-338.8876277441956
-1.2161354495564074
-130.38359478979956
13.944192779279755
-101.67482680607253
-126.98100849913399
106.61917400216052
126.99059626000798
-98.34489505782491
186.9406065693219
-51.64296243628922
214.7305852649955
-91.83380354895478
39.83478331239736
-71.74014194917594
80.21046308244583
-60.154014911434594
113.4863558903799
179.87741277770783
5.944180058476462
72.81418709348968
221.61162513379364
12.706162307163895
-589.6690199769918
-95.01050608204902
-488.0935118052961
-474.18534789193194
-131.10636024670202
-458.526279868906
-93.08532491022352
-37.10591365068517
-8.884472011025409
-674.754295915012
-80.64140353635386
143.59884560733312
52.19680812006237
-36.997897934845696
-91.53423867941909
-20.67874533523259
139.0352783923356
-68.81281043767315
-182.75342999612832
-142.29975762924852
-175.64722749850282
-117.11730524587091
-168.9505262402144
-98.05615022256804
171.9716171926055
-66.9106552427895
-58.92822809276258
-146.82517527191234
-118.04732125604828
-66.02060609979063
-26.656738429503783
-36.25556495231666
-92.14780030068913
-35.28559993006716
-71.38716989616319
-140.0431386455157
-296.6505442815038
-171.96326866855009
-332.3429617676833
-42.2544714331438
-125.21575031523598
-70.12508798582382
-46.85730384310762
-142.24402292439467
-107.8880654534032
-74.0656020655888
-210.4732166157325
-129.16853217956012
-377.03715079440417
-128.36027854772314
-187.3277309696039
-198.0366960203229
-167.59618471811763
-196.83992197074406
-190.14487173798847
-112.80081944588457
-90.47919124242487
-51.10034911096585
-14.62554523564936
-69.16712431001703
-16.7045661349464
-39.54756901543286
-64.7033735407735
-281.11430550788714
-2.8705358814981845
-208.0148929288119
-24.288546287393636
-51.251709230097674
94.92611849207066
104.2380882089952
0.24035448413533622
20.585890166696082
56.33583195560273
-17.669689963748297
-23.2911265140594
-176.3237328902066
-7.5892929615394396
-228.87188553512917
-45.41523570137848
-26.170953671255138
-399.3117151202866
-15.914769301757046
-305.05642912031664
-27.31366368299502
-1.3140178212655034
8.73525164232372
138.72774084388823
-77.72427155087502
115.74225125896008
-95.32687692891264
-57.495051412769186
-68.64772746771533
-84.12701121403127
-163.92571168638716
-100.34564745832742
-194.68094016555807
-33.443408125582465
-144.64894366779794
-249.38819819353452
-313.6018504541305
-359.28804577054717
-85.96870853813513
-190.3691782144631
-194.3990628282963
-570.146938488574
-208.2591411852466
-137.77024564553955
21.06407433064483
-0.23631137705345395
-208.15210401382413
-57.002515389382815
-105.2114746487121
-85.61785871089327
-153.64324419114075
-98.90820211106752
-126.2392928702909
-356.1532459772542
32.05461655983427
178.30376088140468
-29.806029664839063
-33.515709514297164
-116.49070184031416
-42.82024288631046
124.46320398175659
36.80501322105847
185.64745195945312
238.6472496729236
31.819008500266705
235.9201957568214
254.3579107740267
10.585120710776948
206.54695949209042
189.57652488140712
-38.3260404330028
179.38455447833056
297.29582113670256
-237.99431738074787
180.34163531104087
134.18017418653397
248.31117944276787
-35.09749332992246
159.41753551565785
-65.80981867730328
-61.600450893387745
-343.0498150810996
-25.14683020858999
174.4998974120692
123.69016781575414
141.55959125601208
-313.4744633305446
234.1697425753145
228.17025540920326
-153.07944742530645
81.81043071508617
-186.3277066148688
-155.56026937693872
-43.7335847434622
37.14444931677323
170.1081424752857
-16.866257594708372
-219.2990682203344
178.06306900187212
36.43644747188159
-136.80409094473612
-1.8694712889986387
-21.085571223322138
-73.43269270710816
188.916023232785
-76.72697233286034
-41.21913769402455
221.8362532441546
-185.81766977398672
-22.851167302986042
211.49601808648924
206.04795534158194
183.5060294828477
-158.4402658874605
158.50321992755863
223.04883057321314
241.74576746333213
242.2475250607714
131.45610153450306
131.4979684982337
-19.32977114391484
269.9257560284757
161.004133528483
280.0232524621059
206.4373868606889
1.9708770509870135
279.2091508750185
251.44791301205194
-63.248928408706675
269.2290467109674
263.21237757338014
231.78606791379244
272.46153675952553
238.32895313619358
292.2318191107353
278.37011434029864
-358.62394556058644
-311.4238110586946
-198.4502967910853
233.50004054076982
-32.23694260665404
241.87219913082225
-81.71870676955369
257.6202504912066
198.8721461662276
249.50956882338815
237.98348397851635
222.46743700142946
233.9053606599464
274.5822568282041
-24.04143542741386
251.14043378122096
231.123596689788
289.0581417308689
247.58066775096043
246.56825388418346
198.70711917187714
200.26512562815861
228.36192726374836
269.70794858592564
283.5360184444786
259.6530160790601
230.72252035781042
242.22259037756427
175.6848794104448
226.53234743099682
287.2875795785276
298.1302115845921
-99.23168496695978
254.9666541337935
-181.18045781300893
268.1426003265814
282.99323905026057
268.66535643074667
261.4271285535123
203.11782579452645
238.93119121079417
139.4379638323851
236.180439669128
280.11917304481193
260.44829564092214
-145.39648022610092
253.95222327402377
3.5861121566356076
200.44054241068017
307.50827734460495
261.9738138254648
264.51306829787245
268.8793102419423
-160.86548297347213
26.536810418801437
234.71627736350075
237.93672214995067
38.119360157582975
283.8926010288654
280.73498638208906
233.19761997142137
-6.2338363992844705
162.68791573727572
27.48331453777368
81.89100555586526
-46.274863815768754
286.3056139019954
250.41312089925185
24.902156152623476
-205.67952458835106
280.54370165651846
83.4995889617042
276.5758796810818
-282.9548037983965
-45.82093284927035
210.82359093722363
-210.51296125571128
238.4755188694047
240.20794144561725
-96.15701111593862
79.18781800578795
-105.05408331141001
-65.07600845515677
238.57055229043442
261.4738871523826
260.00427900173815
-2.4740730214320195
-139.97885819509247
242.94622302950552
201.16098186684115
233.75698121397943
5.932103674525578
279.2307092982232
253.71787763290646
-173.57103956536753
260.2153655112421
270.2858935806421
53.418504722291175
-12.836087051330935
274.13101801305623
253.75173175605127
-0.16894896730168796
272.5966066235994
-350.13670722432505
268.9659633269261
35.34938764967825
261.7716221661457
-124.66100845190641
-56.15332632903207
250.04417627136635
-122.50928740451812
179.0873992515251
-366.7853468539602
249.3367818097771
279.05115314287474
275.20664789281847
288.14073289988744
248.3286718936714
261.27306674042654
261.9777231451578
60.40327821802509
247.42620507762658
298.21696449806916
247.98945757798808
-274.30522049583476
287.565709811194
276.23926604556186
236.14545666146188
-25.85163267349263
278.9168065441645
254.03822337672656
-58.6767103164304
-40.27918620035045
-61.950034698211994
237.96732738979702
-111.13954117574289
213.3992157277059
158.9074178855337
280.9932862883011
-108.02735512294038
-330.97646315607506
198.85081443192746
243.14306076787085
-161.82119854257644
201.58245504494374
296.41136630339184
253.00496648658367
226.0194068580018
252.36543848399612
-111.0121196486157
260.41291306767084
280.2135482491856
206.9307555812441
193.6569272641557
-65.21874139566731
-504.24831897856984
-322.8334195263285
282.1842453357794
282.0127589891301
256.7971001116313
250.82993469229146
-273.3931946741093
-142.69919316570753
-103.03671851304541
186.39223728933501
148.72810892682674
206.01532819987617
-196.05996925729107
263.95201227919296
239.74858835428023
288.71064406584986
266.6194635577933
277.6692227949403
257.45242408281337
245.38617395214226
-6.882207340274348
233.57926236078026
297.8862138492907
292.3317584511128
266.57845426260894
272.0151375011189
257.6171160497169
247.49366197129993
284.87378232375977
245.15900053632757
203.11718791289826
239.8811030944598
178.62336925121926
243.4815567068746
262.5805202052103
273.9071888016913
-90.8822409481549
245.49947339326135
45.079176603821075
239.96022193690877
258.278000298439
283.7144897324956
243.78647501530108
-381.9978204611159
267.02986715933616
221.3720823379805
254.94386054988456
55.872478008942494
-58.57427389362485
232.57073576595607
243.8828374328636
31.521957170422866
259.5482496939534
32.59268911752028
207.19837904593936
37.692666561159626
256.1694553848673
49.27911021149785
260.53028936802383
274.53004393035974
245.4589476119007
42.01160146305898
145.85100222702025
244.14320066918316
282.09944645901214
257.385411863817
242.8419639865806
254.66972250156908
254.7967373104758
-39.52300883110301
275.13848247670825
286.22210946948655
58.91491541867276
-19.092658640048185
222.9254093674345
238.18910456591394
2.756692609510921
215.43642240046995
-69.63254675939022
-57.049568535546896
259.8272199663226
190.04259476830143
-60.482977398383014
-176.30580805391384
252.05145622898686
298.6929650774963
-198.33277866677184
-20.181381535370818
209.33897864566467
247.38694056823016
216.37569435971216
260.8057777189011
260.99582375382306
264.42909918620467
254.9883297591164
274.9999408850899
234.74508061457556
260.9133290060229
243.4613389875887
271.2891175072095
251.74004107955506
253.88304924334173
-29.4632545909421
302.27339701498374
247.46433630457227
277.8716477486845
252.04941892537326
220.41633707742034
252.9437741280214
290.1724712291793
285.0894265462335
223.18613817274715
280.0296992150313
218.0957316848677
273.81695074526806
238.16358863888286
263.4905340012116
234.93826486177426
224.84201038470493
257.6603133144514
248.03871006869053
226.89212993450568
270.73124459363936
263.0729166849101
272.55876528109104
-9.970233285693169
250.73590262967357
35.3858384888826
78.82310073738711
-30.27488965462196
223.90175588015745
243.51241971576505
267.8335734626496
-4.51100134950363
253.56255212506832
208.88468277368904
293.25412246993693
252.50384259473793
288.42874194059164
289.6675707947559
248.08015662820364
281.03745994448485
246.88049204177744
259.25619430886184
264.242465887835
245.559932240443
299.50568917546593
258.7376852912121
227.50216676267362
274.75428215843533
253.74859015976037
275.732371389671
281.1839396647663
251.86666283006323
265.0009618769789
257.47643802366804
297.6840758700505
263.7641896319635
226.09090481050984
232.97111740182643
260.54480260291473
278.2024793216775
24.39506531380877
33.744401248727996
253.98948737646683
191.57258976718322
274.7800245038767
-63.6720084174795
263.07804534639905
244.8449637970934
230.24378903131407
-93.964945868974
280.0569405495059
276.28726477183017
259.5649068294519
273.10677032476985
244.55951902040994
227.27174580496307
304.6515925576854
239.12528307669953
258.0001470092287
264.18857936140785
245.73269650754636
273.04277042341437
253.69468502857393
240.58644746613058
278.56629538546343
253.23382002589764
293.23026559179834
234.87103576628192
251.27093413768443
238.86288153952444
292.8474622531869
199.17497631028357
250.0688298955549
270.1946574993991
271.4014090576002
305.21506494527017
268.1345315031367
31.34129925474673
289.4348992544828
279.2232353821701
265.80038263827396
248.20070524611555
272.9002885101931
241.0658735054339
233.92594045896536
275.26674661849
287.6087017463128
266.4542677928167
269.12813637790003
273.3164331737721
242.7512197114725
276.1235814313423
236.9029236082032
276.5093356255292
284.59241985732785
237.80438293937414
247.25011235872142
277.5833793637778
260.90305336478195
255.25577918888536
302.288022178215
269.7438865958277
251.69042252379307
241.48331823552522
264.2268105412071
292.86910572384437
296.7090342821326
254.56326961249593
232.38524124701715
257.99796825383805
-143.70180275611511
-275.1197913730199
-188.96783298562963
233.3382773902251
-27.50044866545427
295.4431431425231
259.3379185807413
223.0808521044183
289.79794501440426
260.96660222907997
-139.5605047744101
187.95790874695552
282.97732588556494
260.28067704763663
276.91564990345466
254.46083173458774
254.36225541802995
273.62334060339197
196.6216726171415
270.63032944000395
245.51721045907036
251.36450918085217
241.4024818414528
-6.932049492369657
243.38501126920335
275.2566023088235
262.7010161470141
302.91933672787354
256.99709596175046
297.5136001950058
275.150196348094
-172.94214881566148
-391.23035704962723
159.71776675238385
224.1557262975855
296.09758664177167
216.66374088062022
2.306629418622534
-161.67712823883716
240.61339654433684
221.4975911966815
-421.0726910541172
6.415090672838204
277.93731125562886
-29.67116662446063
213.53756511123453
-130.77649320278533
253.51657943435825
217.20248154146043
252.76040567652953
220.2236588774722
255.76073045186587
236.8524172388799
-113.7322741445811
257.57812956657006
-155.624153351106
72.8384829777392
203.6780998257806
275.0367097902239
219.78839444874728
261.2573943538695
-229.7435728212708
273.5907647203638
262.24886954936414
196.84284764472972
171.3890848449539
196.52774501526397
267.91635162211054
256.21064878573003
-72.71717748441178
239.09334320648122
-39.761985541580316
-35.7644750763054
3.5485125312711148
224.4239991117372
-1.9129142528537386
211.15945319609787
241.18593122472777
-141.22626919003355
-68.82108099575545
47.11746152725275
220.02711382271744
-240.94227840200608
-139.12560670451302
166.15988848032381
216.79255399033514
228.6293354571457
204.3840375892364
252.49002742694796
233.2625611745862
259.0563740250064
252.69904750365367
260.11864445975397
257.91783974850284
231.85693418818374
223.89873600887847
-215.4511423067886
223.78603725996226
-183.8532176719733
-79.06744208454893
249.32046655959923
204.82476168914343
218.55784653175493
-262.7216882996761
-364.24737491381126
279.5316575008062
232.82058484813632
245.2756186375103
221.14168888265962
243.93943882957376
22.89581421110705
224.6867014695585
274.88399779313414
248.09394892570873
267.79243205849417
208.31437043110128
257.6265488796421
274.7970813021534
281.62657670991837
-502.36585232736405
-437.3876247241217
295.85864727046504
283.3873746521594
-122.13915189224998
-41.46781642588968
281.1733895049001
278.04721090568285
272.4548590433269
224.7748955990123
251.33071629546603
7.956843970127991
240.78040072639195
225.39204339338124
249.34284642221252
226.41900614350124
-67.82933180916916
230.98620927306382
229.0129327980408
227.8057543857352
267.2694597003539
189.78863704304786
227.76886142394983
231.7324494726486
252.5157447680016
188.13137526554704
271.1824890997103
266.10029713869676
216.13923979824173
228.09920439468942
5.0602096725639285
243.27177145217522
-119.42329140445858
244.77733814418693
246.46319711991111
151.06587147563064
283.78946026046754
-51.544422381196014
9.104756256811669
237.5265163945182
181.91124176087405
249.2766088431784
-62.58478490795535
244.49635166299782
215.17702757501507
248.48338351937207
269.2810625091958
237.04189738397034
234.29488762427707
241.91922244480983
252.8050739325086
277.57008875491545
-37.3214711940983
290.5807816300344
254.6984191574376
225.76482539450504
246.60246233413176
-446.405505466544
216.92446467764773
200.1391675059287
241.81230525880113
240.47484523090358
242.15220014803592
278.1798514005053
213.51249991390497
263.6169202708911
236.66676838493404
258.5718940630637
243.50952676105123
253.66218279731027
251.76977290967292
